246591
344881
344961
246063
248918
1188324
246286
560471
248616
246234
246267
246177
78439
343203
246390
247822
76365
1140604
78421
246124
79202
79203
338391
1211176
1142003
410612
248006
78535
341750
338412
338419
334722
78536
672184
338351
246152
336868
246388
246970
341289
338349
1207499
344902
341120
247220
247259
246594
479057
247725
248828
344073
246333
246461
341749
336671
247186
246972
341655
345361
343789
341515
246375
249875
246575
345257
343448
246188
248916
341603
341529
248260
247736
344644
338443
13511
246582
246222
341896
246261
246307
342073
357345
345106
248997
343413
1225718
338406
248896
78637
247575
247713
345163
337157
343866
345830
246366
246897
79088
248680
245997
246231
528725
246313
1132419
1224821
1197810
1139662
345099
655381
875152
1182445
246373
248881
342003
343930
341502
341740
346299
247244
248649
246051
1220311
248553
343379
247301
419274
338506
1224327
343477
341535
345881
247050
1132339
246430
343113
248947
343526
345023
1133167
464740
337226
247458
246276
1136123
346087
1226072
247898
345924
341361
1188135
1188135
247108
248215
345075
1182214
341056
334578
341240
1200941
338343
345076
509243
342934
1223515
246965
1201175
248909
344530
247899
342427
1196858
345919
257720
1132973
247184
246020
1211271
1132532
338366
246380
247401
332313
1138354
247790
341542
1196913
246047
1207596
356382
79185
572288
338401
342203
248835
246301
344899
344679
248851
356757
247787
246335
342435
346661
247110
248911
1213007
342547
846026
344898
342871
246851
337020
1189409
249018
342096
1196760
344568
346564
1176186
1214146
1187526
1182143
672356
346478
346616
890189
345663
341670
248675
336769
1254524
356756
344618
426179
345049
598118
346347
257734
412390
1132299
248094
1196446
1182681
461829
248967
248115
257715
257392
247824
343093
1187544
248716
337079
337359
421230
351525
334657
336861
410681
1132371
1224034
859417
341974
1182599
1203306
1142070
338424
342795
246971
343929
249003
1170243
341882
641862
247869
338322
338357
883328
342616
345132
249142
249795
345795
462415
343010
248637
345103
1195833
246154
345105
1136162
1142984
345216
1133137
342815
342833
1177071
1136547
605935
479387
672241
1199852
1182220
887170
1201742
342747
341376
1226399
343561
343462
248249
1226060
1199028
346365
249006
474977
337598
345923
337686
343266
341182
368036
345158
1176370
528790
1142265
341648
341190
1138975
343204
341190
482983
346669
342730
345963
1198561
1199767
672182
1197575
343456
1211670
1189884
345948
341589
338425
627570
437973
248867
1198624
367814
346259
345458
342529
1170380
343082
344077
342158
1137317
1199155
336835
1204176
367891
890241
631652
861223
257658
246438
331828
865833
247712
245978
1138374
249161
346129
1213822
368078
623231
342458
345669
562191
342741
346759
1189183
342094
246938
344834
338431
352450
79086
503176
1198536
503176
337588
431816
435291
341261
246263
469390
662981
596407
338435
346241
344332
1174703
1213911
1207498
581517
1243562
343597
343567
345755
1226192
606538
246509
356327
1213851
338470
345102
501347
659230
10757
1213844
659230
343463
1145289
473610
543416
345816
247039
248681
1156899
345678
362658
1211327
627685
1223705
342443
247645
346006
1222450
626887
870281
1243498
343944
342745
1226313
646959
1209064
531857
669543
882096
1189572
336844
346286
343509
342563
1133066
1218820
427306
499691
338382
1189806
79042
346644
341243
367835
1139028
345289
343451
345296
627482
345787
672123
1132571
345555
1170365
1198537
246344
1142126
342772
57217
850589
248194
246362
338373
334941
1208601
627056
346095
346179
346556
247084
346546
345094
652106
248119
1197568
1138844
1187731
1199513
1177463
368203
582264
414065
1206481
349509
367833
246450
71986
926012
71986
1183622
1213821
1223665
926012
479446
342851
1176048
368000
521056
452426
1177059
889052
1136057
344648
342054
344956
1182718
1164797
368116
337191
1196208
367634
1142043
1198842
1179288
1254684
1181694
346733
592930
1181694
582109
1182507
336766
247368
1044686
247576
1132923
1180288
343976
528316
345327
1142098
1133067
341663
341123
1143438
847452
346608
247681
518131
1187852
336948
362202
248903
1190395
1132388
1142120
345949
342786
1197650
337511
1207012
471209
1213820
338417
1200024
1175424
1190235
1157406
1182628
1240027
342249
246045
1241661
1188268
341902
247088
1187779
341979
346180
1198596
550161
338381
344293
247120
1182952
345865
342309
1203062
1203062
342309
852980
1197237
343466
417263
1141094
345970
246884
337961
343458
249187
1133413
583489
639339
1183488
337510
1196152
246597
367992
1214447
880846
1196269
1158270
498277
1134084
1158083
1239888
1190357
1214382
342462
1189335
342139
1214382
1144933
346133
1190357
368106
1136942
1189305
346326
354033
1182222
352039
353669
1206558
1182539
346748
1176396
1204812
344845
341293
338434
344769
1182790
367990
368234
343043
612521
1197404
1137453
1137084
341184
1196205
1132422
246243
1196624
1139880
1188465
346658
440267
1144871
942313
1136146
894782
345191
1190317
1182140
248121
341995
346655
1158554
1187603
1226073
1196621
245966
346701
1132935
1196335
248354
1163597
1141214
1242045
341109
1197478
448356
367961
344453
1142739
657549
345358
1142669
1135350
248095
510430
357430
368003
621219
1132420
1205621
894622
412423
337054
1184463
644249
1219446
343115
1132374
1138769
341958
342955
889458
1142986
353107
346101
566105
248118
1197537
1226424
587768
569070
343403
345157
343429
346085
320266
1167112
557578
1197459
455397
879772
1201174
520654
877484
1132351
623523
1141993
1214314
876067
1132804
868925
1182206
1141032
944347
808003
343807
883807
454015
911811
1203830
1197437
246655
366661
1215503
337124
1211328
452137
344738
1190355
346751
1182147
356957
1199799
345844
859850
368007
881440
341630
452275
1198524
1138380
514874
871909
1198524
343807
883807
808003
343195
672387
838399
357201
1189808
1205809
1132403
338427
1140202
1223636
343465
1144923
525538
1203055
345101
337899
1187504
343121
1199119
356951
343956
1140764
1239568
342864
1158271
345090
249893
1187889
1189269
1197481
343465
1144923
1178378
338374
1234174
525538
356951
1164800
1188335
1189334
1188136
338354
1188149
1203055
1199119
343121
343956
832358
1187504
1140764
634194
855652
346043
1182444
349256
269059
337120
343318
864565
345573
345589
897390
368187
53242
591243
579013
247435
650036
1213811
1138812
1139819
829818
346417
1189407
1207015
248216
345815
1142334
356944
820745
341348
343324
553200
829818
591243
53242
1197088
1182286
351891
1138891
896091
441486
337313
1142334
1226109
924311
871325
923523
343324
1187722
1162522
903499
336900
1198493
874699
1177916
343117
866120
356944
625907
820745
469358
341348
344264
344929
248700
341195
334620
1198214
345862
1216029
248645
1170255
246969
247731
458721
249894
247875
342068
1189089
341173
341201
1170264
1176763
246065
246012
588362
338402
338436
1207188
343355
1198177
368228
1219101
248683
1204776
248904
247784
249898
343945
246896
346189
345011
345420
341078
246377
249008
1204596
349452
1198813
880237
1206595
1132316
346154
248933
257594
341189
1211221
342858
249900
343012
249891
1204383
341375
1200984
337091
358750
338451
334590
342381
655258
1197732
342598
247658
1156890
342176
249895
1237277
341605
344924
345672
344422
409801
248935
672175
368135
247373
78888
1219512
344183
341894
346625
341193
346103
338387
345354
342183
343669
615739
1197558
248812
343905
1203458
567982
338365
1243626
1144681
1163084
672114
342892
342601
1211239
248075
344682
1203120
1182266
1196180
1201161
344055
338346
1247279
247185
337443
342906
344236
1216077
887623
344258
1181776
618704
1196168
336923
1208113
1170252
346511
346740
346359
1203671
1242684
1211014
346308
342364
338328
257730
342067
341826
1219640
78608
343744
1212209
343133
1197452
1183619
245938
249899
346566
1218465
343662
1203380
333694
346383
1215408
345719
1203673
1204293
1204167
1204415
344451
346282
1183351
617007
338486
342127
346106
346641
246019
351962
904017
344500
1142462
78610
257722
342362
257219
345743
1203251
345972
672281
1197625
258155
342173
338499
337058
1215815
1219612
1198738
346411
1200865
1193542
1196171
1197753
1190680
880690
358776
248648
490367
1209085
1203680
1243744
416921
344032
1215085
248676
1190360
1184287
1180890
1207653
672202
338009
597919
247399
1042603
343476
1215952
930966
410677
345668
1242106
605624
1187517
1202936
246230
1203282
1206415
1204794
248268
1226102
341733
246014
345992
345877
1219185
1207141
1201806
341853
346794
1208145
1200203
246463
1182242
1198709
1140198
1207373
1207824
346460
247086
1204621
345786
343985
338393
1198459
1210973
1132987
341952
1140383
338409
345955
342178
1227230
1210932
908595
335222
1173851
346321
672178
672091
1200664
1200972
884269
343118
344742
1201660
1225831
344661
343639
345658
1252036
343569
341203
1201630
341788
1204581
882332
1181801
1217670
1211225
1203252
1207434
1221752
1216249
1209323
334925
342867
342193
1251931
1206135
249168
1199242
246499
1215325
1206583
72584
343045
247448
343124
1182792
659623
1204367
1215582
346000
591651
341071
346116
38977
1208175
1203846
1200675
344427
1215124
342181
1197583
1208616
1215012
1174830
197420
345939
1208672
342276
1214574
1217564
343971
248576
438338
1205281
1132300
337708
1204361
367963
344197
635848
1204795
1199145
437959
1187380
1225572
1199749
1206070
1207251
1197055
1199011
1200354
248666
1208949
1212508
460709
341565
338450
1208030
341528
1217056
1216039
367815
1207133
1207700
345193
1214188
1182589
1215601
1206798
1251923
343088
1206362
342441
1194459
1201200
1204049
348264
338202
1200688
1220436
1212355
1226552
346362
342949
342893
336946
1214579
1206626
1211184
1215402
1219613
344880
368089
343052
343046
1203274
1210898
1226148
1200593
345522
1199972
246360
346167
1206608
1188417
332793
367889
443356
342453
1203287
248771
342970
1201267
668587
344081
1206556
1219276
345247
1197441
336732
344133
1132555
1205886
1219312
342869
1204103
1211570
560827
338059
341236
336851
346477
1243295
1203899
250546
334974
246782
1197918
1201766
468393
544704
1240376
343209
1212450
346662
343094
1208455
345276
1243834
1207706
1199126
1196172
1216362
1198941
1219207
345287
343594
1220218
49
410630
1203688
1200445
905498
1207149
344751
438709
1187476
344858
1208320
1211099
1194409
1209176
1211004
1229019
1205027
476263
1170247
341177
1138758
1204589
341702
531718
1207492
1207099
343954
343635
1198609
880851
917241
343491
338339
821475
1139635
1198731
343351
480316
1240666
1205682
341965
335177
1187411
1239671
338399
1208756
1248034
1205157
1132247
473355
1199613
1182230
1205868
16687
875311
1248033
1132343
1215348
1201324
1203965
336779
346158
1204725
1170385
367991
1197340
865847
1252016
343253
1207671
342405
342820
839397
1203707
1240052
1241292
1240052
1207172
1206402
1205604
443011
1206243
1215623
1205039
1200458
1204456
1206831
345627
343470
1201573
1214768
648969
367922
1204788
884564
346757
659428
1214790
1199617
1215854
1190581
883831
1252024
345063
1159320
343134
1197945
1225571
344809
1200610
1224088
1233258
1206075
1216304
1215142
670526
344327
1175570
1206767
341135
1185333
1206758
1209177
1226008
1204979
1206035
1225535
1215273
1180119
345813
1211229
358679
1214681
1203669
346266
1214681
345813
1214049
864129
466744
353723
906569
248789
1215884
1200634
346030
1204608
1224817
1212354
338380
1203925
1214611
341228
1155032
1206126
1207148
1214104
1219521
1252066
872574
1215373
1208848
1206603
1204029
625632
880332
1206603
880604
1208483
477111
337075
1234670
1162295
1212506
341126
11792
1229192
1197566
1204582
344440
1182698
1187381
1198613
1207210
861839
1202238
1215874
1212509
1210878
1199736
1214183
337204
1200355
1201895
1203810
1214183
1227044
1201895
1201565
1203810
1215006
672293
1204099
1206270
899490
257490
1203422
1208257
1221246
1207120
1212315
1195337
1211123
1207784
1142976
1200589
1209192
1216162
346358
1211228
1217011
1222038
1208031
1197114
899460
1200471
1204808
342814
1213891
1219597
1214128
1237296
1248505
343823
246626
1241232
1217568
1202764
1133164
1215594
1217009
1215217
1201028
1191042
1198447
1205653
446876
1214432
1216439
1207255
1247859
1206256
1239858
1215284
1206685
478482
1220682
1215755
1216552
672362
1216169
842291
1205294
1208115
1201743
883143
874344
1203385
1254590
1182132
1219938
471377
368034
1206602
1206897
342544
1226090
257613
1187412
1217033
341084
344277
341274
1208121
484141
1207785
1219309
346523
1182953
368047
1202976
855433
1205040
879283
344958
1204724
1197931
345560
1214413
1139422
1199021
1207623
1215227
1197464
1211643
1203046
595448
1228267
1219057
344658
1202851
342615
1200345
1203543
1204146
1200345
1203543
1213384
906316
344995
1208341
1205939
557969
1224370
518156
1207353
886152
1214767
1215631
1214619
1212485
1243712
668709
874929
1205935
1132856
530858
1243690
1208016
538087
1203932
1204156
1205474
484089
1202793
342349
1240806
1198786
1206805
1220866
532040
1211051
1214446
1207074
257599
1199322
880425
338378
1203285
1206892
1205564
1182137
1206506
1213070
1201467
1206136
1205205
345009
342828
367850
1240134
813214
344331
1216332
1199241
1226045
897318
1200378
863700
1136560
1179002
1225603
1207625
894814
1189006
880910
1239412
1220415
1243428
1202636
1204637
862442
899082
849492
1245483
587513
1202336
1243740
343791
1214564
345806
1168029
343416
1205817
1201803
1241238
1202430
1219232
1246924
1142325
1204542
342977
1200980
1244985
345771
1212313
1252113
1204994
1205801
344417
513021
1218809
344631
1227029
1206896
1206785
1197608
1218208
1218209
1207620
1212220
1200421
884272
1206694
336722
345655
249342
248170
1212512
1240159
1219454
42964
345036
1167831
577564
1208282
1182552
341178
246336
1200486
1212592
1200265
1216365
341213
341138
344990
1203084
1217236
123
342166
1211482
1189514
55132
344649
1215199
78480
1175253
1225632
1217402
1216446
338463
1219776
1198178
342983
246127
343720
342165
1139994
1211538
1203437
1208942
1240815
248907
248566
343208
666793
78460
1204714
246596
1198977
341737
1251042
346015
1230685
1203575
341628
246714
342754
1204622
1204476
346272
346178
1210830
1238399
1207271
341624
341516
248639
1182289
456553
1211382
71946
346096
332023
1218563
1215949
1208148
1225025
1225589
1215919
1238696
1229768
1208342
247948
343070
1216326
367738
1234403
1243702
338385
1229915
1228750
249165
1217513
1197714
1165276
1183641
1204774
1209159
672130
1203746
342062
1212979
1203554
340946
1228046
1203528
1217637
1230509
1247299
1215368
1229020
1200618
338426
1218190
1200978
1203392
343667
257739
343136
1229214
1208122
257714
78490
346637
1204093
346465
1239544
1219837
341897
1216355
1220713
338493
341823
345991
1207042
886701
1203310
632158
1229749
1245553
1170241
341944
1229882
344162
1194411
1203884
1227585
248162
1212344
1208748
344950
1247231
257664
1187437
1190351
1247389
11237
1238775
344292
881837
1048288
410641
487586
1216346
1219474
341736
1221404
1237925
1199331
672331
346339
1213291
1228376
1208008
1238930
1205905
1197181
1219167
342753
569712
1197626
1217809
1211063
344502
1206710
1218729
1199188
1229950
1187542
1198828
342791
1214712
1221035
560411
1218298
1240146
1199621
1198455
1220969
1216914
1203768
1221397
1248258
346009
343762
1216203
1220908
1207577
1204439
1214770
345870
341276
1215305
1240003
1143587
482971
341941
1207335
1205514
1244914
334625
828745
1207000
1247287
247083
341035
345867
1221348
336834
1206209
1203678
1048266
1229963
1207333
1196151
1136568
1132716
1217434
1219270
1215599
345493
1212248
1209260
338400
411975
342900
1216137
1218253
367968
1214669
1240111
1212779
439495
1222388
1251028
1230152
1213193
1201578
1220736
342607
248701
1206839
1246221
1197936
672382
1251640
1204720
1215374
345901
1229753
1201381
1251019
344771
1141500
343499
1205724
1163201
1229836
1242510
1205290
1198439
1197507
1142125
558931
672164
1199446
875510
1208463
592271
1224643
246394
337896
345013
1213097
337105
343176
1199612
337129
1199020
1212413
342901
1216372
343972
346395
1223430
880525
1176697
1203325
1213098
1199029
1216296
368112
1222606
1198467
1229281
1199968
1217270
883179
574116
1247773
1206835
858598
341892
589649
1220172
341892
667783
344164
1206087
345455
1218052
1196131
345603
1238843
1206089
420752
1219301
1184910
1200045
1198834
1208647
345942
1206857
1251041
1240664
670240
1197934
1203424
342412
1238362
1253928
1229765
1242005
839048
246973
581264
1251607
1246536
1181777
1218508
1243911
346762
1249315
1236547
1251014
1203436
1207196
1200609
1215519
1200271
345058
651706
1220835
1234049
1218530
1206838
1217020
1132494
410671
1138947
1238758
479074
475721
1207581
1207016
257454
1213191
1203724
1219410
1206717
1207100
1210869
1211074
493549
1254286
346761
1239646
456028
1238706
1220779
1207707
1203986
1215897
1216374
1225975
1217650
1132373
1205909
1205775
334598
1248173
345507
1238946
1177952
1217141
880176
1229756
1220785
1239976
1227737
1217468
1238891
1247133
246835
1197339
368091
1215843
1217382
1235456
1205507
1215997
1198930
344976
1242853
1212331
1216328
344323
1247134
1215593
341578
346380
344135
1189938
1249402
1208456
528054
1177407
1225029
1218299
1203210
341674
1220838
1239581
1215784
1205892
1203603
1183637
1229407
344080
1215863
1225340
1208934
1215573
1210955
1217296
1220935
1203668
367845
1240915
1239738
847321
1202745
1203156
1135772
1217788
1135772
367776
1238780
329733
1196215
879461
1218267
1240125
1203731
1235235
1182417
1206381
346585
342588
246350
441399
546243
344983
1251810
904605
1242461
1156928
368109
1236504
1250346
342930
603864
1218718
1245589
1215629
1216408
345720
341540
1222190
1251441
1216992
345000
1211226
1215094
558308
1220375
1239377
1212196
1132399
1204234
1201231
1248858
1198986
341323
1200733
1212533
1239542
1224826
1209258
1234711
1218043
341629
1220923
1048274
328844
1211086
1251426
346331
892394
1215617
1239691
1221532
1204528
1212722
672370
1225969
1219918
422783
1201982
1207515
1229230
342263
1202419
337251
1222532
1200049
1225852
1239324
1197584
341999
1240380
1200245
1222263
1239500
1207103
1251587
1249328
1217789
1205608
1205694
13457
1237932
1243621
1216368
1225014
1216228
1215461
1210930
1241155
1220577
672100
1212787
1225411
1221093
1132352
1245142
1239376
1215824
1247220
1245201
1227002
569718
1212518
1225065
1206764
1204177
1213210
1215317
1190368
1226445
1217010
1220447
367877
344942
1220742
867762
1212982
1216291
346690
1217651
1215633
1208343
342337
1247960
1239599
788358
1227795
1219203
1251414
1239650
1205670
351472
344419
1229918
1189346
518396
1229918
1218555
345748
1230119
1196341
1218706
1232735
1248159
1244876
1242529
1208869
1212732
1251675
1217025
1211496
1241859
1220905
349239
1212728
1221923
1204770
1217239
341601
1245162
1201960
1233373
321077
573061
1205320
1220084
1216125
1221054
1193090
1242133
1180993
1132607
1249531
1242471
1203098
1208301
1239904
1252000
1238934
1239664
1196711
1228910
1218522
873191
1190571
1217246
1219045
872111
344348
1220926
1251524
1227003
848010
1228837
338473
1174000
1229642
1228837
1219320
1239144
1242942
1230156
344551
1217786
345189
1240168
869394
1213080
1242490
1229912
1246923
595155
367767
1198748
454617
1220437
1211693
1247157
477517
336945
1233368
1217182
1189325
1219178
477517
1238928
1218421
1221144
1215389
1211641
1230643
1219808
1208645
341664
1239590
1222188
1243906
1217150
1214941
1215741
345515
1215571
582333
1199934
1225953
1229508
1198570
1239984
1233227
1251032
1226703
1250809
433439
485804
1215691
1204461
1239879
485804
433439
343447
1213729
642167
1219107
1247188
1229355
329802
1197642
1251586
1248497
1218503
1243002
1201872
1219788
1229382
1212645
878650
1217442
672137
1221135
1215722
1245349
1251165
1206937
341219
1239383
1228988
1227017
635736
1201160
535574
1242976
1221119
838084
880954
1217165
1205968
1242229
1199228
1240208
1201863
1212293
1229549
1204204
1217228
1233427
1242870
874271
1226023
1206660
1204053
1207352
1220750
1199974
1221775
1214981
642857
357299
1207352
1220750
1223993
1216390
1214522
1239624
1225118
1227609
1251576
1211701
568602
1200406
1225841
1218441
1226050
1204490
1209068
1221032
1216273
1225628
1204751
338356
1204144
1204493
344525
1214920
346336
344525
346336
1204493
1219300
1219424
873889
1246914
1247385
1251631
1212840
1241351
1220745
1221780
1206223
1241636
1239851
1228049
1241467
1229629
1217034
1240033
1227693
1238695
1216289
1211555
1204152
1238951
1215985
257308
1246969
1182138
1198539
1215423
1220909
343793
346394
1251031
1244430
1225445
1221843
1217701
1213211
1213224
1225689
1215686
1219265
1237280
1183621
367855
1233357
1217772
1233966
1215685
1221379
1219797
1219187
246590
1251394
1214991
1215306469358
653951
1132759
1132771
1187769
504370
344979
1213976
1205581
1132375
359197
1196847
262872
344491
1214211
368101
672377
343892
486292
343024
511543
368271
344281
345357
865515
345624
343207
356419
1188013
1188478
1213776
567648
1139540
1188013
1142705
1136129
343202
1139833
1226267
1222280
882132
1206534
1240595
1188044
368058
879097
337616
344887
1207284
1196221
1132651
1206688
345494
343524
1170341
1141972
1176369
1196196
1201994
1164791
1139747
1189355
882132
1206534
359350
1189361
1240595
1196221
1132651
1196497
342260
346485
1206688
345494
869919
1197719
343524
1198531
1182547
448959
346601
1225857
1170341
1216957
356954
1141972
1176369
1201994
1196196
1164791
1214792
1225857
416297
1136122
552527
1242153
1196948
866185
908380
342342
345318
346601
861210
1197623
1204445
433021
342066
1241531
1228011
1243412
1173818
871439
824841
343857
1207656
1209272
857805
636205
1181805
1213049
345664
504859
249868
1189480
1136100
845123
345922
1136727
562740
345974
345777
1181772
878980
1197595
574396
1175373
341081
345904
1198707
345135
342558
245981
866586
343129
1188121
345320
247718
344913
1197555
356368
1197595
574396
1175373
1182288
356959
552630
1170313
368006
354816
1178445
345876
346390
345152
1136012
248116
356339
517789
1187777
345285
343724
338362
1190444
854003
368018
1217237
1196413
1142208
614043
854010
1132427
614043
1200050
356913
345545
346579
1182476
929910
1173136
1196955
1141358
1191861
1182484
1224475
1182271
1222518
844017
417478
1243603
830626
873632
332845
367897
351902
333189
1224360
896931
637580
343978
78609
1142698
1203107
1206702
1134744
481746
1227627
897466
886323
337560
1179363
627566
1132566
344437
1134839
639878
493670
880691
1141332
1248157
1140846
1140073
1182743
1142346
910156
1132957
346159
1221991
620051
904081
341884
346502
1133168
1135793
1132604
643004
895013
359209
647053
436687
346484
623485
1198489
537020
1198603
596267
362068
341263
883095
1198490
459239
343259
654458
1199231
1144877
342475
345226
360836
346228
618635
342035
1214497
368170
1197570
1178371
856969
896190
343515
1198490
436687
566311
345745
448748
342568
465981
1182190
863590
1132927
346128
1188126
346531
336903
1225903
342904
552905
346135
345739
940777
1243798
354198
367876
887300
1173854
368048
1200838
344754
1167104
343575
343436
410796
846571
1139806
359405
341881
338297
651307
345308
865183
1196857
1142067
1145240
1226336
247166
368009
1183624
1246312
1139423
1197354
1197540
1198942
343352
246750
1187550
1158146
533153
344154
344762
1139465
896484
1162506
851910
530631
1133289
902100
343459
1200070
924530
878934
1137327
336936
1170337
342466
1224531
341748
1205152
342742
862781
883382
593412
342604
356006
1198853
1198942
1197540
344762
874390
530631
796373
883978
1133308
598710
1199113
1137122
342742
828883
869718
1224531
341748
1205152
862781
883382
342604
356006
1198853
593412
1142814
1240432
866281
332094
1190356
1196362
1196363
598710
1133308
1199113
1137122
883776
346379
517398
1212198
1141000
854801
344402
334807
859818
917842
1145428
1197428
857838
421807
354213
1182215
1182216
1214029
524254
1205855
1157251
1221465
345693
1199095
865857
338465
346673
892501
1189899
882310
652310
1170307
886545
345943
646785
581989
345788
1133106
622906
367904
1215505
341539
1193541
1190325
469713
470130
1241533
1209158
510758
1196958
1226165
893364
1207593
345010
1182786
1197488
1216181
341883
909800
346216
1143641
357098
345154
346476
346541
550121
430392
1167464
345665
246169
1190908
1245018
1132486
342234
609464
500530
591364
1199602
1132290
1182176
1240282
343745
345299
883711
885040
346631
496435
413233
1206068
882469
336886
343911
358477
1197097
344290
1203939
446969
882908
1138730
795978
1165672
844920
1187922
656125
886793
1157598
1197007
1187877
640878
346587
1187840
346255
1224895
1199917
343918
1132921
1165672
1206068
882469
358477
882908
1138730
795978
336886
344290
1197097
1203939
446969
257630
1224895
1187840
346255
1187877
640878
344708
844920
656125
1187922
886793
1157598
343911
1197007
1199917
343918
1138702
1132921
875370
1196787
338461
658864
869311
861024
1214813
552612
602006
410606
341816
1140620
462831
1182462
1199060
342257
338070
860071
878040
345048
349251
621476
1188490
1202930
344730
672334
609331
880331
872933
660622
1201561
337757
246715
344116
1190316
660622
660719
1248174
672334
872933
1215364
609331
880331
1202930
344730
345927
346182
248783
345695
885945
1204950
623385
1205787
346590
672191
346592
345197
345230
345303
345819
345673
345823
345584
345312
345298
345780
344721
344548
344553
344863
345778
344722
345767
345529
345594
346269
346036
346284
345962
346539
346420
347057
345935
346607
347061
346498
346675
349553
351534
351047
352426
352037
352066
351890
351895
353676
353985
353568
354680
327760
330397
336132
337785
340980
338332
338281
342524
342609
341691
342579
342391
342508
342497
343733
344054
344390
342805
342935
343031
342732
342880
342766
343071
343468
343852
356326
356421
356932
356646
356900
356335
357463
358491
358495
786887
809793
808876
808663
821990
822722
823214
822243
821922
831744
833274
842063
841326
844000
843860
843637
846219
844854
843072
845144
845555
860108
859717
859753
858396
859134
859751
860701
873957
873457
874612
873634
873274
872622
874792
872291
873157
873843
878298
880562
880594
881228
881174
878731
878953
879194
879290
879381
879962
879770
880082
878243
878915
878707
893589
893948
893992
891215
891623
894058
891072
911408
911337
911800
915327
914620
914911
917550
918599
919521
820983
835663
834282
835576
836115
836512
836894
847318
847537
848373
847742
847649
849586
848279
849518
865807
866818
864629
867904
868105
868304
867921
868178
879588
881588
881500
881635
881726
881755
881587
882190
880320
882163
882157
880896
882298
881493
880566
881989
881575
881937
894746
895336
895281
894389
895318
893112
903745
903683
903672
904924
904926
906762
907427
908007
907097
905616
908729
909380
909381
908286
910054
821420
826631
826127
828690
853947
854438
853562
853634
854596
852969
855775
857018
857463
855749
856315
856141
856744
875138
875259
874603
874735
875187
876471
876496
876115
875908
874068
875764
876195
875261
874422
876529
874950
876981
875626
873936
877174
876938
876052
875937
875269
875252
876249
876065
877246
877478
877407
876743
876479
875814
877675
877555
877456
878960
878709
877439
878461
878847
876281
875562
875616
878019
897976
897325
896256
896562
894708
896067
899083
897234
898049
899775
900721
901214
900488
900181
898842
900074
898698
901929
901829
900636
902811
902912
815416
837142
836854
837413
837838
850248
850738
858379
858584
858430
343909
1242996
1243396
1197608
1218208
1218209
1206694
1200359
1135401
1199259
1132256
1214825
1199627
1200862
368064
1242056
480665
1207865
1144670
1197672
1242053
880852
1204253
1043847
1204052
1210956
1251962
1217767
1198735
1203595
1207993
346574
1243329
1201808
1136009
1208415
487815
1213833
1204237
1182218
1219241
1215239
342444
1201283
1204681
1220487
844529
1214729
338333
341112
1213926
1200723
1201719
1214916
1242120
592742
502305
907503
823346
1248162
1207572
1197550
1201396
341753
342584
1209187
1205589
1214392
342976
342177
1198577
1215034
342268
368015
1240061
1204705
1215123
1212522
345579
1197378
883581
1207585
1214731
1215420
1247825
1214234
1240895
345973
1203490
337837
1240895
341910
1247825
1204837
846735
1204753
551023
1248269
1185441
1214042
1205856
335292
1203691
1207121
1226238
1247838
1203450
346287
668866
898020
1213021
342217
1251856
1225927
1222729
503177
1207996
1204586
344588
1225906
630560
1248150
1197554
846735
1215551
1204753
1214990
1208185
668866
342217
1213021
898020
1251856
1225927
503177
1181002
1207014
1201226
1247839
1170242
1214659
1222729
1204586
344588
1207996
336805
345221
1206844
1213045
1213069
1242686
876321
345174
1200796
1211194
1203487
344928
1219942
1207793
1215604
1205810
1205808
1138808
1220410
672212
343219
1182217
1252030
882230
1207026
82
1214898
1210904
857902
345706
1203700
1182661
1217481
1215079
1215679
1202663
1182661
1196465
1206066
1215079
1215679
1217481
857902
1203700
1214898
1215345
869947
1217394
82
1210904
1252108
345706
1214909
1216133
1199734
1206163
1204564
358781
448182
1248517
1215712
1211549
1155166
1242571
346190
1254592
346283
1204014
1203620
345618
1205109
437681
803162
342680
346070
1215462
347074
1254780
1214426
1205313
1225318
1214326
1205166
1241464
1214379
1213047
1217109
1192715
873404
1206469
1201131
1204730
1214186
345274
1220497
1198936
1214186
1215232
1213046
345549
1242807
1179401
850433
344833
1212646
1242831
341631
865853
1142651
530065
881669
526675
1220678
490679
1132588
338395
1200988
266182
1206797
1222002
1201600
342613
880217
1247415
1181766
1200988
1132588
880217
342613
1242831
341631
1212646
526675
1220678
881669
344494
1240095
1224158
1240156
1208754
1206797
338395
1222002
1227030
332436
872840
1187942
345946
1229342
344268
1193667
1227070
78889
1220512
1217532
918527
1215557
1200887
888335
344134
445057
602007
1197814
367813
1204241
1208041
1206447
1138643
900648
1199086
536824
1215603
1203814
1226093
1229839
1252058
447056
1202856
1200057
1202881
1214879
1132621
1216230
1157031
345874
1218675
1207037
426234
1201629
1242835
1132502
857712
1198750
340945
1200348
342749
1214554
1206179
342324
426325
1197692
346515
1204116
656537
902139
1198939
1215788
650384
1203185
343787
1225761
1206763
1187564
672358
1182791
1214631
1221203
1189304
1239942
1214245
1219542
1215278
1252064
1205854
1215250
346025
1220314
1220781
336820
830345
342751
1252001
1183623
1205811
1247901
1204856
1252052
1205306
1238980
763206
1252054
1210870
1202473
779702
1199762
1198763
1220551
1203540
1216364
1207983
1200195
485200
1202407
1132409
1225619
342213
1212690
1204887
1203984
1199726
1205846
879445
1212741
605563
1251961
1222174
1222674
1199309
1202767
342180
1208673
1211064
894884
351509
1203943
899853
1248063
1220680
1219098
1167101
1207517
653954
1254988
343622
1202250
1248086
1205300
1215901
885705
1198505
1215793
1215197
1133214
1200428
527698
1208120
1199913
1205744
1247780
345994
1244189
1251986
346731
1245118
1200339
1247780
345994
1244189
1251986
1140400
1203421
343822
1221217
1204814
1182630
344432
1203032
1200235
1219892
882888
491689
634888
1214455
344259
601053
1247882
1200066
1202667
1200870
1243275
1208477
1204706
1215310
1242910
357107
1154546
497784
819180
1239994
1202991
1215596
1219599
1201540
445836
1219515
246713
1214911
1204732
585354
1243557
1215158
1241715
1251916
1208462
342026
428191
1220328
444822
1247177
1196795
1215056
1241056
1189818
1241218
1220691
428191
444822
342026
1200939
1190604
1245016
1243832
1222080
1246895
337492
489712
899146
1215382
1219274
1225472
1216110
684719
1207330
1201143
1225610
346028
343048
1248050
889279
1243499
1209120
1175462
343665
1206064
1132863
637604
1215628
1200430
1219496
906934
1198769
1229564
1200939
1190604
1245016
1243832
489712
1215382
346028
1215351
1214754
1246895
337492
1207330
1201143
899146
1248050
343048
1242171
1218595
1208792
1222080
1216110
684719
1225610
343665
1132863
1175462
1206064
889279
1243499
1209120
657263
343201
1166400
354008
1132609
904839
1239636
1206237
346037
1239430
345604
1204411
1200828
1215242
1213829
1247283
1188080
1214867
1204448
1206051
1218251
345273
346275
345604
343201
1215242
1204448
1239430
1239636
1206237
346037
904839
1197920
1220320
1204160
1202159
344199
337515
1202152
839734
1204126
1154928
341936
881135
658318
1213382
79213
421344
1206950
860180
1220378
1207975
1225595
885393
342190
321716
345262
345794
345314
345599
345722
345941
346491
346516
336632
333425
341343
342319
342380
344012
344261
344386
344152
342764
342717
343236
343768
344288
343935
683564
723368
806391
804647
810384
821396
822823
822718
833883
843201
843051
843196
843872
844879
860162
860126
861332
859259
874036
872628
873229
879467
879306
878686
879091
880280
879394
892421
892736
892207
892425
892841
892613
909744
914806
915150
915905
917612
918253
846811
845976
846402
848453
848608
864072
866096
868348
880823
881091
882640
881434
881225
902682
904665
905013
905716
905691
905119
903894
852446
854744
853215
854452
856606
875055
875837
876146
873648
875476
877316
878042
877763
877205
896804
896189
895711
901545
900288
900545
901072
901078
900117
899912
899903
902482
902335
902319
828434
837100
851830
850677
850730
851311
850181
851650
851611
858465
870297
867702
870656
870622
870607
870588
870372
888723
889408
889678
889783
890234
890198
889830
891639
890608
913155
921365
921925
921375
923798
824565
831559
832485
832771
839081
840071
842793
862868
861872
862754
864380
883281
883031
884048
883934
884592
885593
885532
883992
885986
883781
887571
886727
887989
888376
885605
923915
800596
801044
801817
803751
660680
772657
776381
786103
669230
814520
934414
939222
926894
927517
928324
925199
942284
927232
956254
928605
438817
572198
572142
412403
453151
452685
492655
503075
455643
483324
525655
629176
1203572
816459
1182142
1203242
1206048
1217533
1215523
496710
1213934
1200324
894811
1201219
1199812
566451
323087
1209151
1203277
907087
879008
1211105
342733
1254641
1204731
1199769
341567
1214645
1214666
1242119
1215360
1247774
344372
1212644
1203886
1215668
1215271
344879
488580
1203737
1229058
1216232
1251881
1209039
873073
1174078
1219841
1217585
884481
1219595
1207033
875031
1251996
842004
366795
1252040
1205473
1242881
1204355
343825
1203286
1203706
1252173
1156893
1229742
341089
1208652
1203489
1207316
1213941
1141209
1247437
366863
345332
1241388
1229884
1208017
1225627
1229589
1213242
1244938
1206145
672117
1213237
1229276
1242995
1248649
1219450
257631
1251422
1254617
1207344
1242941
1220921
1239555
1215803
1205305
1221104
1177758
1199363
1217159
809594
482568
1215569
337436
246584
365639
426575
914197
1218714
1210969
1254652
1239666
1225016
1239731
1188419
1248102
346521
1251016
1198949
1247985
1251403
1240408
425243
1229497
78537
1238932
1203641
1202203
879009
1212210
1207418
1216025
1251684
1251695
1239493
893670
344305
1208500
1251420
1220454
1247855
1221848
586053
1162518
1238929
1228739
1228915
1217523
1214584
1239399
1214399
1215768
1251826
346289
345701
1238802
1202457
1216011
249163
1216011
1246932
1207399
1209190
1205569
1217204
338410
1250610
1220805
1247811
1242051
368287
1251483
1215019
1240620
1254666
1205293
1225895
1207495
639019
1217871
1205034
1229842
1246947
1216151
1219351
1245151
1254591
962194
1205792
558357
1251311
1246947
1216151
1219351
1245151
670565
1214581
1229781
504380
1217131
1251107
1238976
1227323
1201580
726786
1203635
1228800
1247375
1221031
248125
1219443
1219855
1219678
79115
1251550
983204
1213065
1239282
79115
1228800
1219855
248125
918405
1245218
1218620
1218422
883239
1199248
1215208
1141025
1220826
1227034
1213078
1247064
853494
1219266
943669
1212698
1215706
1251381
1221105
1225393
344540
1220737
1187535
1216315
1249314
664310
1217975
1220737
344540
1219596
1204161
1251575
1198563
1221463
1217420
1229053
1229299
621261
1207935
1198185
1207605
1251039
1251645
833461
1229500
1238927
1242535
1251560
1219353
1239575
1241635
1242685
1251043
1212309
1250704
1212519
346482
1216144
1241403
933802
1242008
1218321
1205568
1208143
1229954
1220754
1217792
341183
1222209
1190809
1206858
1245053
1215895
1204096
574089
1227836
1205720
1218158
1229712
1224953
421572
1238886
1225322
1215531
1242978
1217912
1229712
621082
1216305
1247200
1201810
1251462
1219843
1240355
1247955
1229331
1215932
1196925
1245242
1240040
1240769
1219153
1132330
1246261
1231612
1215011
819855
1212334
516822
1239434
1227042
1251048
1243249
463052
1240468
1225867
1239680
1251517
1246918
863125
1242555
1251776
1248199
1219428
1239629
1251667
1219430
1212632
1214675
1199128
1248493
1198943
345608
1219408
853091
1229700
1214952
672157
846913
1229511
345593
1228805
1248019
1204824
1227025
1227229
1239385
1242985
362011
1218424
1212628
1213016
341217
1225040
1225676
1245867
1219674
865329
1199125
1239927
1214734
1219284
1220748
1229527
1239939
1249341
471734
888845
1254654
1243315
1238363
1221478
1157303
1248167
1215967
1218178
1211660
1191852
1218252
1213051
1221062
1204469
246473
1251474
1218274
1189877
1202168
1215967
1221562
471734
1249341
1239939
1218178
1229527
1219608
884810
1219204
1205837
1212419
1251221
1219418
1251650
1224850
342438
1242681
346328
246473
1212898
1204469
1218252
1191852
1242681
869107
1184906
1244309
346328
1221392
1216394
342769
1163228
1250659
1190626
1246976
1251577
343859
1214609
1189273
1251688
1213724
1249340
957757
1251600
882268
1217639
1218072
876830
876830
1251034
889477
1238264
1218662
1221583
1215653
1239048
1242076
873887
1229694
344516
1227434
1241801
1240464
1202265
878692
1207927
914934
1248538
1254530
346744
1233367
877751
1203982
1225998
1206199
626179
1216398
1244186
895322
1207738
970152
1212554
1215762
1228760
343586
1239048
1215653
1242076
877751
1241801
878692
1207927
1248538
346744
914934
1254530
1233367
626179
1244186
1216398
566079
1229907
455304
1216308
1246943
895343
1230177
1214593
344621
933250
1251051
847271
566079
455304
1240132
1230177
1239595
1240390
1214593
1221087
1153494
1212695
1229907
1216308
1247923
1215527
1246943
895343
1240803
1216404
1254001
1234419
1251015
1230229
1225684
1219692
1215487
1254090
1254001
1240803
1230229
1241843
1220461
1251479
896276
1215487
1240128
866327
1208524
1215941
1239546
1251375
1240780
345995
1225684
1251106
1225932
1204134
1244187
1251029
1203542
1219692
1254090
325153
1205969
1217570
469568
1217989
1204692
672147
1222144
1239870
1240084
1251580
1221025
344352
910947
1242201
1229896
1230182
1248303
1240315
1215847
344357
576277
1251683
889211
1228814
1247425
1251027
1240451
1229459
1251506
1251731
455734
1227091
505494
578324
628395
1245003
1219215
1251635
1251045
1240045
512445
1251610
1240055
601251
1229260
1239381
342184
1044814
834658
1245175
1251588
1206829
1222053
1242484
1249180
873585
356895
1241699
1207505
1156913
345914
1248534
615738
1213969
1247374
1233375
1218025
1203637
1182237
1219238
1240461
492680
333688
346293
1220095
914702
1218106
1218125
1238995
1163327
1220970
1227455
344189
1229940
342376
1220406
1240410
1225412
1215407
1240414
1219616
1215615
1215022
1218226
1215267
337235
1204634
1239620
1242023
1208424
1251037
1242857
344653
346054
1225661
1203283
1216081
1218086
1221696
1222522
344356
452970
1190991
1203196
1189892
1241310
1217112
1219712
1215550
1200368
1206565
1215965
1203781
345384
1196183
1220786
1205324
1204107
422740
1219336
1251798
1250870
1242741
878438
1251711
1230373
1216138
1237333
419500
1215070
1246884
1242612
1251558
1229615
1221588
1239574
1154618
1212243
1251510
1180777
1206181
1217511
1225423
1219403
1216351
1212954
1239702
1222107
1253708
455508
1219328
1243334
1217036
343837
611863
891892
1248499
1206113
1240019
1251625
1214658
1237107
861541
1239959
1229962
1239750
1225552
1241733
1225339
1214811
1212685
858242
1239444
1243844
1240057
1221900
1229123
1246927
1251561
1247964
652628
1251064
894660
341216
1247814
1196034
1225482
1254281
1248130
1196940
334942
1219403
1243003
1240009
1219436
1220836
1240462
1212490
1217005
1220576
1218228
1240436
1208635
344647
1254281
1225482
1251561
1229123
334942
1243385
1248130
1246927
1196940
1247964
1251583
1227610
1201602
1219605
1245005
1214461
1219438
1210874
1219273
586481
1205477
1170239
512230
1241431
1254015
1245084
1251690
1180087
899287
341760
1207688
1221894
1184907
1219307
1201556
1238952
1247504
1197705
1200587
332519
1217318
367979
829780
1218725
1219922
1218324
1246912
652733
1226130
1238931
1215731
649132
1208770
528770
346736
1229565
1198734
1208258
1157354
248165
1251624
1197165
644366
1225066
911670
1230132
1243758
1205005
1229217
341212
345069
1214663
1208643
1215194
1243725
906102
1182144
1251802
1234415
1229830
1211438
441966
1229790
1227060
889676
1244304
860552
1178155
1239597
1219810
1214727
1229133
1249355
1239375
1243421
1225082
1181808
1222269
1201470
1251523
1251522
1217729
1228970
1229775
1239981
1229235
1206840
344038
1239443
1251892
1217619
1241846
1239745
343540
884738
1205145
1247080
1216297
1241361
1248161
1251802
1234415
1229830
1211438
1227060
441966
1219686
1251539
885353
591947
1230134
1239597
1212449
626106
342167
492964
1230183
1200376
1240393
1137999
889676
1244304
860552
1178155
1229790
1219810
1215441
1213057
1139923
1220386
1250606
1206225
1242502
563263
1208866
1241896
1201268
1213268
1219068
1182270
1228062
1251465
1219072
1207273
1239475
883277
852204
1249215
1243006
1222813
1199013
1204413
1229443
1240443
1251049
1225836
1221815
345123
1201722
1247961
248172
248906
346629
1228776
1220571
1235560
485879
1243239
580298
246061
1218091
344869
247949
1206836
507792
1206875
1233150
1198925
345808
1215605
1215114
248123
1238862
1216383
1248480
1250700
1233255
445609
1238846
1174518
1239844
1189879
1218141
1249366
1221339
457445
1217351
1236263
341229
342036
341220
1242431
1229534
1220833
341221
346559
414997
346765
343101
1215867
1211345
1229697
907653
1226516
249033
456826
1237279
345918
341989
342574
343987
345172
1204080
1132397
1228761
1257666
1205508
1225543
443387
246264
1250634
1211447
1254277
1248530
1219670
1219502
1250952
1197466
1209277
1207959
195
1210950
1228792
1212949
341955
1251955
1218536
368260
360504
883196
1217755
1228793
346210
1215201
1260969
1219636
1219932
341604
894477
1216267
1217041
1229142
1218215
1250724
1209269
1220710
1170287
1197417
1230121
247730
1216142
602636
1259926
1208427
1198692
1215787
1215346
343042
343936
1176486
1208595
1212723
888384
1215091
1248656
1132519
345654
1212192
1239171
1214710
1228788
1203426
1238953
1253671
246300
1251005
1250665
1201272
257609
1240397
1214683
1225634
1220175
1203182
1203811
1236599
1216415
1246335
625840
1254028
1207185
342905
1239057
1246262
1212608
1217495
1216269
1247810
1215300
1259085
1227611
1216013
74419
1216044
1212457
1222172
1219401
1201270
1217125
1238922
1250723
1255691
1242218
343473
1229324
1244874
672310
1214999
1228001
1204440
1197498
1215221
1213261
1254390
248970
667560
1216270
1239675
1229068
1250623
1219420
1251162
1156894
1261118
1240859
1259927
1243361
1240838
345217
1250739
1229525
1215383
1206157
1242079
72587
1251817
672279
1243732
345644
345552
1133207
337581
1218727
1217123
1178432
1250662
1250615
1216194
1214565
605319
78513
1250911
341152
1228791
1205779
1216064
367737
1215241
1243857
1218188
1217660
1225419
344248
338384
1250556
1229057
672203
1212622
1229683
1251223
1201124
1251281
341379
1245196
1208614
1216179
503342
342971
1246861
1215377
1229894
1238834
1230347
345399
1218323
569719
1166393
345632
1229591
1196188
1221001
335440
246277
341242
1216447
879019
1259639
878358
1200783
1238950
1214142
1220758
791392
1205838
1227006
1219481
342146
1250994
1212303
1201966
485646
1250667
1197465
1197724
1250605
1217857
342507
342773
345639
1239962
1233136
1189944
346565
1215774
1240752
1206220
345444
1163219
1204585
12446221250765
1221357
345266
246346
1225021
248182
346782
1211412
1240378
342454
345810
1215071
1261127
1211698
367812
1229055
247450
1242960
1215921
1251290
1208123
1206695
864219
1238837
344444
1217560
343329
1190383
256878
345145
1218219
1182619
336813
1215399
1216186
1220707
1229752
1206854
1215841
1250873
1250950
1217980
1256331
1250929
1225834
1239977
344017
1177340
1216819
1225394
1229702
1250900
1234382
1239002
1213293
1236912
1255090
1229826
1210974
1203825
1229566
345225
1229046
1239932
1230199
346640
1208383
1250747
557244
1251258
1247062
344692
459611
1226255
1225554
1225690
1241818
1260970
1249199
1261178
1250958
1137220
1251938
1233290
341891
1209087
1249312
1203734
1251882
1215786
1230349
1221243
342485
1250951
1250976
1228771
1218156
1214749
1250981
1250555
1229000
248872
1215910
1250969
641944
1244021
1217872
1229403
257721
1189894
1200254
1251289
1212615
1256335
1216215
576497
259658
342150
1248042
344519
1183518
1206228
1250729
344519
1238766
1251011
1229817
1255089
25056
1229154
1218233
1221239
343130
246268
1219522
1251157
1250864
1206226
1259928
1256754
1250973
1250711
1217024
1251235
1220685
1229296
1207508
1250993
1253449
862095
1251216
1201239
1219141
1219360
1250987
1251101
1207213
1250624
1218444
1218380
1256329
1250940
1251989
1239850
672320
1255348
1248514
1242235
1224670
1212245
1243265
1227647
1187493
1219865
667302
1225993
1219340
1256330
1218028
1227005
1227005
1251830
1215825
1193240
1203492
248908
1251268
1251393
1249757
1218735
772484
1203795
1218003
257415
1218430
1225578
1215714
1229900
1205938
1219060
1250934
1229576
1229030
1250608
1254018
1163064
1255069
343027
1239525
879136
1223044
1253952
1219754
341483
1218300
1233148
1218021
1228242
1217458
1206680
1215538
1225940
1219110
852983
1229537
1236605
1250684
1250708
1259084
1221396
1253933
1221484
806447
1254021
1254038
342920
1214493
1250942
1217133
1250980
1225798
1250902
622846
1215734
1239922
1217441
1226086
1206613
1250914
346483
1250935
1189322
1215829
853258
1221232
1227702
1254306
368173
1253975
1174650
1260857
257587
1229194
1254582
1206851
1221480
589642
1197602
1241810
1253961
1220730
625340
1204823
1226057
1217095
1241759
1240153
845954
1229889
1220556
1225612
1244671
1203945
1221817
1217286
1217542
1219913
1217469
1218550
1250964
1198191
1225787
1216378
454088
1222270
1243877
343587
1225843
1254088
1255309
78461
343034
1217023
1251639
343035
343568
78463
1226930
1205713
1200478
346600
341208
1203739
341204
672148
1250716
341206
522013
1207337
341224
248585
664273
343102
346288
1187439
1207235
1142033
461076
1215287
341210
346008
345006
341244
1250696
1216053
1212472
545990
1219669
247294
1199751
1202698
246716
341230
1210778
1174225
1202711
1242151
893936
1206207
246968
1224671
345419
1229875
342999
563353
345926
1229308
344396
1204092
1210926
1198209
1164582
341373
341215
1207762
336917
342034
1219278
1197684
343521
1216288
1226827
1225557
341739
1201699
1250916
1207346
1222863
1132380
246348
1167118
1176059
1162598
1221005
1241199
341214
341890
1186082
345178
342972
1245203
1203109
368773
606362
1229812
1243843
1225503
638972
1217443
1229526
1229360
1198451
1228511
553231
1222011
1201232
1226760
894008
1228463
1220565
343854
1220788
343588
1215540
1224795
342988
346636
346638
1223225
1250604
904518
336780
1228039
841077
1244965
1241571
1199023
1244844
894440
346639
502392
835510
1215479
415974
450151
825410
862362
345402
1218279
816984
1245168
1218234
1181475
1195827
1189124
1217859
668262
856733
1194370
1254692
856733
914188
909293
1253580
1218157
604407
341858
365335
672357
895531
1219116
1215580
342059
1181373
891834
861432
505626
868816
877786
366507
1137956
1238768
538307
486261
1132367
1242237
881468
1260456
906127
839321
914863
846560
858989
857719
1229832
641887
458003
1206663
1229797
839336
1142664
1218244
911912
672136
866368
830944
857236
880676
875061
906365
894013
1193520
1203430
825351
1192399
1217400
1230160
919270
919690
826867