78461
343034
1217023
1251639
343035
343568
78463
1226930
1205713
1200478
346600
341208
1203739
341204
672148
1250716
341206
522013
1207337
341224
248585
664273
343102
346288
1187439
1207235
1142033
461076
1215287
341210
346008
345006
341244
1250696
1216053
1212472
545990
1219669
247294
1199751
1202698
246716
341230
1210778
1174225
1202711
1242151
893936
1206207
246968
1224671
345419
1229875
342999
563353
345926
1229308
344396
1204092
1210926
1198209
1164582
341373
341215
1207762
336917
342034
1219278
1197684
343521
1216288
1226827
1225557
341739
1201699
1250916
1207346
1222863
1132380
246348
1167118
1176059
1162598
1221005
1241199
341214
341890
1186082
345178
342972
1245203
1203109
368773
606362
1229812
1243843
1225503
638972
1217443
1229526
1229360
1198451
1228511
553231
1222011
1201232
1226760
894008
1228463
1220565
343854
1220788
343588
1215540
1224795
342988
346636
346638
1223225
1250604
904518
336780
1228039
841077
1244965
1241571
1199023
1244844
894440
346639
502392
835510
1215479
415974
450151
825410
862362
345402
1218279
816984
1245168
1218234
1181475
1195827
1189124
1217859
668262
856733
1194370
1254692
856733
914188
909293
1253580
1218157
604407
341858
365335
672357
895531
1219116
1215580
342059
1181373
891834
861432
505626
868816
877786
366507
1137956
1238768
538307
486261
1132367
1242237
881468
1260456
906127
839321
914863
846560
858989
857719
1229832
641887
458003
1206663
1229797
839336
1142664
1218244
911912
672136
866368
830944
857236
880676
875061
906365
894013
1193520
1203430
825351
1192399
1217400
1230160
919270
919690
826867